19.96923076923077
21.630769230769232
23.169230769230772
25.661538461538463
28.984615384615385
32.36923076923077
35.353846153846156
37.90769230769231
39.815384615384616
41.01538461538462
41.41538461538462
40.98461538461539
39.753846153846155
37.784615384615385
35.261538461538464
32.276923076923076
29.169230769230772
26.03076923076923
22.984615384615385
20.36923076923077
18.36923076923077
17.107692307692307
16.646153846153847
17.015384615384615
18.24615384615385
20.24615384615385
22.861538461538462
26.0
29.261538461538464
32.46153846153846
35.50769230769231
37.96923076923077
39.815384615384616
40.861538461538466
41.10769230769231
40.52307692307693
39.13846153846154
37.04615384615385
34.4
31.446153846153848
28.30769230769231
25.169230769230772
22.30769230769231
19.876923076923077
18.123076923076923
17.107692307692307
16.892307692307693
17.53846153846154
18.953846153846154
21.076923076923077
23.753846153846155
26.892307692307693
30.0
33.01538461538462
35.815384615384616
37.96923076923077
39.47692307692308
40.215384615384615
40.184615384615384
39.353846153846156
37.784615384615385
35.6
32.892307692307696
29.96923076923077
26.953846153846154
23.96923076923077
21.323076923076925
19.200000000000003
17.723076923076924
16.953846153846154
17.046153846153846
17.907692307692308
19.53846153846154
21.846153846153847
24.646153846153847
27.692307692307693
30.70769230769231
33.50769230769231
36.03076923076923
37.90769230769231
39.10769230769231
39.50769230769231
39.16923076923077
38.12307692307692
36.4
34.09230769230769
31.384615384615387
28.492307692307694
25.56923076923077
22.70769230769231
20.30769230769231
18.461538461538463
17.323076923076925
16.892307692307693
17.323076923076925
18.492307692307694
20.33846153846154
22.76923076923077
25.661538461538463
28.646153846153847
31.56923076923077
34.215384615384615
36.4
38.0
38.92307692307693
39.10769230769231
38.52307692307693
37.261538461538464
35.38461538461539
33.01538461538462
30.36923076923077
27.56923076923077
24.73846153846154
22.184615384615388
20.03076923076923
18.461538461538463
17.661538461538463
17.753846153846155
18.553846153846155
20.06153846153846
22.24615384615385
25.015384615384615
28.03076923076923
31.07692307692308
33.784615384615385
36.184615384615384
37.90769230769231
39.10769230769231
39.723076923076924
39.69230769230769
39.07692307692308
37.93846153846154
36.4
34.46153846153847
32.4
30.153846153846157
27.907692307692308
25.876923076923077
24.215384615384618
22.984615384615385
22.400000000000002
22.553846153846155
23.353846153846156
24.76923076923077
26.646153846153847
28.8
30.984615384615385
33.13846153846154
35.13846153846154
36.92307692307693
38.215384615384615
38.98461538461539
39.261538461538464
38.98461538461539
38.15384615384615
36.830769230769235
35.01538461538462
32.95384615384616
30.646153846153847
28.36923076923077
26.06153846153846
24.0
22.430769230769233
21.56923076923077
21.261538461538464
21.630769230769232
22.646153846153847
24.400000000000002
26.584615384615386
28.923076923076923
31.230769230769234
33.38461538461539
35.41538461538462
37.04615384615385
38.184615384615384
38.800000000000004
38.861538461538466
38.400000000000006
37.41538461538462
36.0
34.12307692307692
32.12307692307692
29.93846153846154
27.753846153846155
25.6
23.907692307692308
22.70769230769231
22.123076923076923
22.184615384615388
22.83076923076923
24.092307692307692
25.846153846153847
28.03076923076923
30.215384615384618
32.33846153846154
34.30769230769231
36.06153846153846
37.38461538461539
38.276923076923076
38.64615384615385
38.4923076923077
37.84615384615385
36.73846153846154
35.13846153846154
33.261538461538464
31.230769230769234
29.13846153846154
27.10769230769231
25.169230769230772
23.630769230769232
22.646153846153847
22.27692307692308
22.676923076923078
23.661538461538463
25.169230769230772
27.046153846153846
29.200000000000003
31.384615384615387
33.38461538461539
35.2
36.769230769230774
37.90769230769231
38.55384615384616
38.73846153846154
38.46153846153847
37.69230769230769
36.55384615384616
34.98461538461539
33.261538461538464
31.446153846153848
29.56923076923077
27.6
26.06153846153846
24.923076923076923
24.33846153846154
24.27692307692308
24.76923076923077
25.815384615384616
27.292307692307695
29.200000000000003
31.10769230769231
32.95384615384616
34.64615384615385
36.184615384615384
37.44615384615385
38.246153846153845
38.67692307692308
38.64615384615385
38.184615384615384
37.323076923076925
36.0
34.43076923076923
32.73846153846154
30.861538461538462
28.953846153846154
27.13846153846154
25.723076923076924
24.76923076923077
24.33846153846154
24.523076923076925
25.200000000000003
26.36923076923077
28.0
29.96923076923077
31.876923076923077
33.63076923076923
35.261538461538464
36.73846153846154
37.815384615384616
38.4923076923077
38.70769230769231
38.52307692307693
37.90769230769231
36.892307692307696
35.53846153846154
34.0
32.30769230769231
30.523076923076925
28.676923076923078
27.046153846153846
25.753846153846155
24.892307692307693
24.646153846153847
25.046153846153846
25.907692307692308
27.169230769230772
28.83076923076923
30.615384615384617
32.43076923076923
34.06153846153846
35.53846153846154
36.830769230769235
37.69230769230769
38.15384615384615
38.215384615384615
37.784615384615385
36.92307692307693
35.63076923076923
34.0
32.15384615384615
30.061538461538465
28.0
26.03076923076923
24.430769230769233
23.230769230769234
22.492307692307694
22.36923076923077
22.923076923076923
24.0
25.446153846153848
27.323076923076925
29.200000000000003
31.169230769230772
32.95384615384616
34.61538461538462
35.84615384615385
36.64615384615385
36.92307692307693
36.769230769230774
36.12307692307692
34.98461538461539
33.41538461538462
31.53846153846154
29.446153846153848
27.261538461538464
25.230769230769234
23.415384615384617
21.907692307692308
21.015384615384615
20.676923076923078
20.923076923076923
21.815384615384616
23.169230769230772
24.953846153846154
26.953846153846154
28.984615384615385
30.953846153846154
32.800000000000004
34.30769230769231
35.41538461538462
36.03076923076923
36.15384615384615
35.784615384615385
34.92307692307693
33.56923076923077
31.815384615384616
29.846153846153847
27.723076923076924
25.630769230769232
23.661538461538463
22.06153846153846
20.892307692307693
20.24615384615385
20.24615384615385
20.8
21.846153846153847
23.353846153846156
25.230769230769234
27.292307692307695
29.353846153846156
31.261538461538464
32.95384615384616
34.33846153846154
35.292307692307695
35.723076923076924
35.66153846153846
35.07692307692308
34.06153846153846
32.55384615384616
30.8
28.83076923076923
26.8
24.83076923076923
23.076923076923077
21.753846153846155
20.861538461538462
20.553846153846155
20.8
21.6
22.861538461538462
24.523076923076925
26.430769230769233
28.400000000000002
30.33846153846154
32.15384615384615
33.69230769230769
34.800000000000004
35.50769230769231
35.723076923076924
35.47692307692308
34.73846153846154
33.56923076923077
32.03076923076923
30.30769230769231
28.430769230769233
26.492307692307694
24.676923076923078
23.107692307692307
22.03076923076923
21.384615384615387
21.261538461538464
21.692307692307693
22.646153846153847
24.03076923076923
25.723076923076924
27.56923076923077
29.446153846153848
31.200000000000003
32.830769230769235
34.12307692307692
34.98461538461539
35.41538461538462
35.41538461538462
34.95384615384616
34.06153846153846
32.70769230769231
31.04615384615385
29.261538461538464
27.384615384615387
25.53846153846154
23.846153846153847
22.461538461538463
21.6
21.200000000000003
21.384615384615387
22.03076923076923
23.13846153846154
24.646153846153847
26.36923076923077
28.215384615384618
30.03076923076923
31.661538461538463
33.07692307692308
34.184615384615384
34.861538461538466
35.10769230769231
34.892307692307696
34.215384615384615
33.10769230769231
31.630769230769232
29.96923076923077
28.123076923076926
26.24615384615385
24.430769230769233
22.861538461538462
21.723076923076924
21.015384615384615
20.83076923076923
21.138461538461538
21.96923076923077
23.200000000000003
24.76923076923077
26.523076923076925
28.33846153846154
30.092307692307696
31.630769230769232
32.92307692307693
33.87692307692308
34.4
34.46153846153847
34.06153846153846
33.23076923076923
32.0
30.492307692307694
28.8
26.984615384615385
25.230769230769234
23.6
22.27692307692308
21.384615384615387
20.953846153846154
21.046153846153846
21.6
22.584615384615386
23.96923076923077
25.56923076923077
27.323076923076925
29.07692307692308
30.584615384615386
32.06153846153846
33.2
33.96923076923077
34.276923076923076
34.15384615384615
33.6
32.61538461538462
31.292307692307695
29.753846153846155
28.03076923076923
26.27692307692308
24.615384615384617
23.107692307692307
21.96923076923077
21.230769230769234
21.015384615384615
21.230769230769234
21.93846153846154
23.076923076923077
24.523076923076925
26.123076923076926
27.846153846153847
29.50769230769231
31.01538461538462
32.33846153846154
33.261538461538464
33.815384615384616
34.0
33.69230769230769
32.98461538461539
31.876923076923077
30.461538461538463
28.892307692307693
27.200000000000003
25.50769230769231
23.93846153846154
22.584615384615386
21.630769230769232
21.138461538461538
21.107692307692307
21.53846153846154
22.400000000000002
23.661538461538463
25.169230769230772
26.8
28.461538461538463
30.061538461538465
31.446153846153848
32.61538461538462
33.44615384615385
33.84615384615385
33.84615384615385
33.38461538461539
32.52307692307693
31.323076923076925
29.907692307692308
28.30769230769231
26.646153846153847
25.046153846153846
23.6
22.461538461538463
21.723076923076924
21.446153846153848
21.6
22.184615384615388
23.200000000000003
24.523076923076925
26.03076923076923
27.661538461538463
29.230769230769234
30.676923076923078
31.93846153846154
32.92307692307693
33.53846153846154
33.723076923076924
33.50769230769231
32.892307692307696
31.907692307692308
30.646153846153847
29.13846153846154
27.53846153846154
25.93846153846154
24.461538461538463
23.169230769230772
22.215384615384618
21.661538461538463
21.56923076923077
21.907692307692308
22.70769230769231
23.846153846153847
25.200000000000003
26.73846153846154
28.30769230769231
29.815384615384616
31.169230769230772
32.276923076923076
33.07692307692308
33.47692307692308
33.50769230769231
33.13846153846154
32.33846153846154
31.230769230769234
29.907692307692308
28.430769230769233
26.83076923076923
25.292307692307695
23.93846153846154
22.8
22.06153846153846
21.753846153846155
21.876923076923077
22.430769230769233
23.323076923076925
24.584615384615386
26.0
27.50769230769231
29.015384615384615
30.430769230769233
31.661538461538463
32.61538461538462
33.23076923076923
33.47692307692308
33.323076923076925
32.800000000000004
31.876923076923077
30.676923076923078
29.292307692307695
27.784615384615385
26.24615384615385
24.83076923076923
23.6
22.70769230769231
22.184615384615388
22.06153846153846
22.33846153846154
23.046153846153846
24.092307692307692
25.384615384615387
26.83076923076923
28.30769230769231
29.723076923076924
31.01538461538462
32.12307692307692
32.92307692307693
33.353846153846156
33.38461538461539
33.04615384615385
32.36923076923077
31.353846153846156
30.092307692307696
28.646153846153847
27.13846153846154
25.661538461538463
24.33846153846154
23.261538461538464
22.523076923076925
22.184615384615388
22.24615384615385
22.676923076923078
23.50769230769231
24.646153846153847
25.96923076923077
27.384615384615387
28.83076923076923
30.153846153846157
31.323076923076925
32.215384615384615
32.830769230769235
33.10769230769231
32.98461538461539
32.49230769230769
31.692307692307693
30.553846153846155
29.261538461538464
27.846153846153847
26.430769230769233
25.076923076923077
23.907692307692308
23.015384615384615
22.461538461538463
22.33846153846154
22.584615384615386
23.200000000000003
24.153846153846157
25.353846153846156
26.70769230769231
28.123076923076926
29.446153846153848
30.70769230769231
31.723076923076924
32.49230769230769
32.95384615384616
33.04615384615385
32.769230769230774
32.15384615384615
31.230769230769234
30.061538461538465
28.76923076923077
27.353846153846156
25.96923076923077
24.76923076923077
23.753846153846155
23.076923076923077
22.70769230769231
22.76923076923077
23.169230769230772
23.907692307692308
24.892307692307693
26.123076923076926
27.446153846153848
28.76923076923077
30.0
31.10769230769231
31.93846153846154
32.52307692307693
32.769230769230774
32.67692307692308
32.215384615384615
31.47692307692308
30.461538461538463
29.261538461538464
27.93846153846154
26.553846153846155
25.292307692307695
24.184615384615388
23.323076923076925
22.8
22.646153846153847
22.861538461538462
23.415384615384617
24.27692307692308
25.384615384615387
26.615384615384617
27.907692307692308
29.169230769230772
30.30769230769231
31.261538461538464
32.0
32.43076923076923
32.52307692307693
32.246153846153845
31.692307692307693
30.83076923076923
29.784615384615385
28.523076923076925
27.200000000000003
25.907692307692308
24.76923076923077
23.815384615384616
23.107692307692307
22.76923076923077
22.76923076923077
23.13846153846154
23.815384615384616
24.73846153846154
25.846153846153847
27.046153846153846
28.27692307692308
29.446153846153848
30.492307692307694
31.292307692307695
31.876923076923077
32.15384615384615
32.09230769230769
31.723076923076924
31.04615384615385
30.092307692307696
28.984615384615385
27.784615384615385
26.523076923076925
25.323076923076925
24.30769230769231
23.47692307692308
22.984615384615385
22.8
22.984615384615385
23.446153846153848
24.215384615384618
25.230769230769234
26.33846153846154
27.56923076923077
28.76923076923077
29.846153846153847
30.76923076923077
31.50769230769231
31.96923076923077
32.09230769230769
31.907692307692308
31.446153846153848
30.70769230769231
29.753846153846155
28.646153846153847
27.446153846153848
26.24615384615385
25.13846153846154
24.24615384615385
23.56923076923077
23.230769230769234
23.200000000000003
23.47692307692308
24.06153846153846
24.923076923076923
26.0
27.13846153846154
28.30769230769231
29.415384615384617
30.430769230769233
31.261538461538464
31.876923076923077
32.184615384615384
32.184615384615384
31.876923076923077
31.292307692307695
30.461538461538463
29.415384615384617
28.27692307692308
27.07692307692308
25.93846153846154
24.953846153846154
24.153846153846157
23.630769230769232
23.415384615384617
23.53846153846154
23.96923076923077
24.676923076923078
25.56923076923077
26.646153846153847
27.753846153846155
28.892307692307693
29.93846153846154
30.861538461538462
31.56923076923077
32.03076923076923
32.215384615384615
32.09230769230769
31.661538461538463
30.984615384615385
30.092307692307696
29.04615384615385
27.93846153846154
26.8
25.753846153846155
24.861538461538462
24.184615384615388
23.815384615384616
23.753846153846155
24.0
24.523076923076925
25.292307692307695
26.24615384615385
27.292307692307695
28.400000000000002
29.47692307692308
30.461538461538463
31.261538461538464
31.846153846153847
32.215384615384615
32.276923076923076
32.03076923076923
31.50769230769231
30.73846153846154
29.784615384615385
28.73846153846154
27.630769230769232
26.553846153846155
25.56923076923077
24.76923076923077
24.27692307692308
24.06153846153846
24.153846153846157
24.523076923076925
25.13846153846154
26.0
26.984615384615385
28.06153846153846
29.13846153846154
30.123076923076926
30.984615384615385
31.661538461538463
32.09230769230769
32.276923076923076
32.215384615384615
31.846153846153847
31.200000000000003
30.36923076923077
29.384615384615387
28.33846153846154
27.292307692307695
26.30769230769231
25.446153846153848
24.8
24.430769230769233
24.36923076923077
24.553846153846155
25.015384615384615
25.692307692307693
26.523076923076925
27.50769230769231
28.553846153846155
29.56923076923077
30.461538461538463
31.230769230769234
31.784615384615385
32.12307692307692
32.184615384615384
31.96923076923077
31.47692307692308
30.73846153846154
29.876923076923077
28.892307692307693
27.815384615384616
26.76923076923077
25.876923076923077
25.13846153846154
24.615384615384617
24.36923076923077
24.400000000000002
24.70769230769231
25.261538461538464
26.03076923076923
26.923076923076923
